reit
----
308
309
310
311
312
358
359
360
361
362
408
409
410
411
412
413
414
458
459
460
461
462
463
464
508
509
510
511
512
513
514
520
521
558
559
560
561
562
563
564
568
569
570
571
572
573
574
575
576
577
578
608
609
610
611
612
613
614
615
616
617
618
619
620
621
622
623
624
625
626
627
628
658
659
660
661
662
663
664
665
666
667
668
669
670
671
672
673
674
675
676
677
678
708
709
710
711
712
713
714
715
716
717
718
719
720
721
722
723
724
725
726
727
728
758
759
760
761
762
763
764
765
766
767
768
769
770
771
772
773
774
775
776
777
778
808
809
810
811
812
813
814
815
816
817
818
819
820
821
822
823
824
825
826
827
828
